0.015 0.01 0.01 0.01 0.01 0.02 0.02 0.005 0.005 0.005 0.01 0.02 0.02 0.01 0.005 0.01 0.015 0.005 0.01 0.015 0.005 0.01 0.005 0.01 0.005 0.015 0.015 0.015 0.015 0.005 0.005 0.015 0.015 0.005 0.005 0.015 0.01 0.015 0.01 0.015 0.005 0.005 0.02 0.015 0.005 0.02 0.01 0.01 0.015 0.01 0.01 0.005 0.01 0.01 0.005 0.01 0.005 0.005 0.005 0.015 0.005 0.005 0.015 0.01 0.005 0.01 0.01 0.005 0.005 0.005 0.005 0.015 0.005 0.005 0.005 0.015 0.02 0.005 0.01 0.005 0.02 0.005 0.005 0.005 0.01 0.015 0.005 0.015 0.01 0.02 0.005 0.01 0.005 0.01 0.02 0.005 0.005 0.015 0.005 0.01 
-0.0427438 -0.570854 
-0.424692 -0.387239 
-0.428692 -0.387348 
-0.0742242 -0.581603 
-0.122455 -0.581308 
-0.320404 -0.504366 
-0.0557942 -0.578379 
-0.430264 -0.389267 
-0.430437 -0.389334 
-0.359284 -0.47693 
-0.420778 -0.401948 
-0.429414 -0.388309 
-0.0408447 -0.562728 
-0.426215 -0.393174 
-0.0980919 -0.582855 
-0.0413333 -0.547302 
-0.0412875 -0.566143 
-0.392216 -0.447673 
-0.427059 -0.385609 
-0.282425 -0.526646 
-0.363411 -0.47359 
-0.160365 -0.574902 
-0.0669635 -0.580704 
-0.413434 -0.4205 
-0.180679 -0.569531 
-0.421364 -0.396433 
-0.247303 -0.54403 
-0.215448 -0.557419 
-0.049523 -0.576075 
-0.11791 -0.581805 
-0.36749 -0.470286 
-0.129938 -0.580385 
-0.425823 -0.384932 
-0.0438406 -0.572379 
-0.371573 -0.466817 
-0.425263 -0.389583 
-0.0418899 -0.568451 
-0.422264 -0.394025 
-0.26938 -0.533425 
-0.403957 -0.434302 
-0.375479 -0.463449 
-0.382681 -0.456938 
-0.040855 -0.554335 
-0.041091 -0.55144 
-0.188676 -0.567016 
-0.231058 -0.55112 
-0.25936 -0.538407 
-0.425962 -0.393798 
-0.430034 -0.388654 
-0.425978 -0.391909 
-0.418238 -0.410701 
-0.38605 -0.453737 
-0.419837 -0.406076 
-0.398625 -0.440767 
-0.38924 -0.450648 
-0.423917 -0.393718 
-0.345941 -0.487079 
-0.394941 -0.444837 
-0.0785898 -0.582017 
-0.041145 -0.549366 
-0.0815087 -0.58224 
-0.0843996 -0.582439 
-0.428832 -0.387812 
-0.195297 -0.564798 
-0.087215 -0.582571 
-0.352742 -0.482023 
-0.0461306 -0.574216 
-0.0954338 -0.582846 
-0.090045 -0.582688 
-0.0927348 -0.582783 
-0.429931 -0.389031 
-0.13889 -0.579083 
-0.114926 -0.582065 
-0.0411846 -0.548103 
-0.0698606 -0.581077 
-0.430432 -0.388866 
-0.424961 -0.385597 
-0.428098 -0.386483 
-0.425229 -0.393907 
-0.112061 -0.582277 
-0.0408376 -0.558294 
-0.109169 -0.582468 
-0.379147 -0.460197 
-0.42105 -0.399291 
-0.416052 -0.415571 
-0.409477 -0.426766 
-0.17677 -0.57068 
-0.3368 -0.493541 
-0.0627918 -0.580021 
-0.300485 -0.516513 
-0.184566 -0.56833 
-0.146864 -0.577723 
-0.106364 -0.582632 
-0.153523 -0.576402 
-0.428162 -0.387237 
-0.0446384 -0.573096 
-0.1036 -0.582729 
-0.1692 -0.572753 
-0.100821 -0.582815 
-0.204345 -0.561571 
0.000100151 3.29016e-07 
3.29016e-07 0.000100731 
0.000100002 2.5146e-08 
2.5146e-08 0.00010029 
0.000100067 -5.52975e-08 
-5.52975e-08 0.000100046 
0.000104206 4.72749e-07 
4.72749e-07 0.000100053 
0.000104461 -5.70517e-07 
-5.70517e-07 0.000100073 
0.00013896 -2.48059e-05 
-2.48059e-05 0.000115795 
0.000107239 2.10974e-06 
2.10974e-06 0.000100617 
0.0001 0 
0 0.0001 
0.0001 0 
0 0.0001 
0.0001 0 
0 0.0001 
0.000100041 -2.66475e-07 
-2.66475e-07 0.000101748 
0.000100029 5.48667e-10 
5.48667e-10 0.000100078 
0.000100003 3.98035e-08 
3.98035e-08 0.00010202 
0.000100001 -1.22695e-08 
-1.22695e-08 0.000100107 
0.0001 0 
0 0.0001 
0.000100005 -2.5146e-08 
-2.5146e-08 0.000100129 
0.000100034 1.55528e-07 
1.55528e-07 0.000100728 
0.0001 0 
0 0.0001 
0.000100181 1.40868e-07 
1.40868e-07 0.00010011 
0.00012739 -1.46957e-05 
-1.46957e-05 0.000107885 
0.0001 0 
0 0.0001 
0.000106405 -1.47276e-06 
-1.47276e-06 0.000100339 
0.0001 0 
0 0.0001 
0.000100998 -1.76978e-06 
-1.76978e-06 0.000103138 
0.0001 0 
0 0.0001 
0.000100022 -1.82209e-07 
-1.82209e-07 0.000101561 
0.00012234 -1.02451e-05 
-1.02451e-05 0.000104699 
0.000119342 -7.47659e-06 
-7.47659e-06 0.00010289 
0.000102423 1.07481e-06 
1.07481e-06 0.000100478 
0.0001 0 
0 0.0001 
0.0001 0 
0 0.0001 
0.000108605 -1.15727e-06 
-1.15727e-06 0.000100156 
0.000100184 5.7912e-08 
5.7912e-08 0.00010002 
0.0001 0 
0 0.0001 
0.0001 0 
0 0.0001 
0.00010009 3.05677e-07 
3.05677e-07 0.000101038 
0.000100032 1.25416e-07 
1.25416e-07 0.000100493 
0.000100273 -1.78439e-07 
-1.78439e-07 0.000100123 
0.000113128 -6.63046e-06 
-6.63046e-06 0.000103349 
0.000103892 -4.99271e-06 
-4.99271e-06 0.000106406 
0.0001 0 
0 0.0001 
0.0001 0 
0 0.0001 
0.000100003 -3.46201e-08 
-3.46201e-08 0.000101319 
0.000100011 -7.82334e-08 
-7.82334e-08 0.000100565 
0.0001 0 
0 0.0001 
0.000134292 -1.44376e-05 
-1.44376e-05 0.00010608 
0.000112069 -5.80962e-06 
-5.80962e-06 0.000102797 
0.000100023 -1.998e-08 
-1.998e-08 0.000100017 
0.000100029 1.00467e-08 
1.00467e-08 0.000100029 
0.000100033 1.04295e-07 
1.04295e-07 0.000100335 
0.000100439 -1.10144e-06 
-1.10144e-06 0.000102764 
0.0001 0 
0 0.0001 
0.000100207 -7.23053e-07 
-7.23053e-07 0.000102529 
0.00010275 -3.13878e-06 
-3.13878e-06 0.000103583 
0.0001 0 
0 0.0001 
0.000100282 2.4783e-08 
2.4783e-08 0.000100002 
0.0001 0 
0 0.0001 
0.0001 0 
0 0.0001 
0.0001 0 
0 0.0001 
0.000100005 3.33948e-08 
3.33948e-08 0.000100385 
0.0001 0 
0 0.0001 
0.0001 0 
0 0.0001 
0.000100038 2.8058e-08 
2.8058e-08 0.000100021 
0.000110089 -3.5644e-06 
-3.5644e-06 0.000101259 
0.0001 0 
0 0.0001 
0.000110103 -7.65274e-06 
-7.65274e-06 0.000105797 
0.000100655 4.46355e-07 
4.46355e-07 0.000100304 
0.0001 0 
0 0.0001 
0.0001 0 
0 0.0001 
0.0001 0 
0 0.0001 
0.0001 0 
0 0.0001 
0.000109522 -1.52324e-06 
-1.52324e-06 0.000100244 
0.0001 0 
0 0.0001 
0.0001 0 
0 0.0001 
0.0001 0 
0 0.0001 
0.000100001 1.504e-09 
1.504e-09 0.000100006 
0.000100033 -9.52273e-08 
-9.52273e-08 0.000100279 
0.0001 0 
0 0.0001 
0.000100119 1.8019e-08 
1.8019e-08 0.000100003 
0.0001 0 
0 0.0001 
0.000100001 -6.27529e-09 
-6.27529e-09 0.000101895 
0.0001 0 
0 0.0001 
0.0001 0 
0 0.0001 
0.0001 0 
0 0.0001 
0.000100779 -1.55064e-06 
-1.55064e-06 0.000103088 
0.000102895 -4.2544e-06 
-4.2544e-06 0.000106253 
0.0001 0 
0 0.0001 
0.000120753 -1.4331e-05 
-1.4331e-05 0.000109898 
0.000103635 6.7405e-07 
6.7405e-07 0.000100125 
0.000143418 -2.53211e-05 
-2.53211e-05 0.00011477 
0.0001 0 
0 0.0001 
0.000105204 -9.96834e-07 
-9.96834e-07 0.000100191 
0.0001 0 
0 0.0001 
0.000105396 -1.15303e-06 
-1.15303e-06 0.000100246 
0.000100017 1.21333e-08 
1.21333e-08 0.00010001 
0.0001 0 
0 0.0001 
0.0001 0 
0 0.0001 
0.000112964 -3.42019e-06 
-3.42019e-06 0.000100903 
0.0001 0 
0 0.0001 
0.000110179 -3.70435e-06 
-3.70435e-06 0.000101348 
