0.0143384 0.0117811 0.012089 0.00809666 0.0104032 0.0200734 0.0109155 0.00586484 0.00583214 0.0048741 0.00476933 0.0240207 0.0247316 0.0107592 0.0055097 0.00998722 0.0171009 0.00494572 0.0117894 0.0145879 0.00484072 0.0101094 0.00326862 0.00665545 0.00485735 0.0107564 0.0150517 0.015005 0.00994354 0.00523182 0.00479409 0.0155741 0.017151 0.00443594 0.00474794 0.017776 0.0105612 0.0135554 0.0097416 0.0149964 0.00471835 0.00472844 0.0255426 0.0179779 0.00476137 0.0202861 0.0098816 0.0103567 0.0177607 0.011345 0.00451861 0.00477543 0.00433068 0.0102398 0.00485103 0.00988091 0.00494881 0.00504099 0.00451821 0.0166416 0.00478793 0.00501718 0.0181716 0.00947783 0.0051998 0.00979527 0.007847 0.00548859 0.00534024 0.00543323 0.00592725 0.0154871 0.00526881 0.00522318 0.00357554 0.0175565 0.0229676 0.00600787 0.0101458 0.00531627 0.0260513 0.00537137 0.00471079 0.00281758 0.00529877 0.0128417 0.00491015 0.0150974 0.00579899 0.0196917 0.00480647 0.0102218 0.0054252 0.0101562 0.0242951 0.00425107 0.00547144 0.0149667 0.00550226 0.00965104 
-0.0457894 -0.565082 
-0.425666 -0.391933 
-0.425703 -0.39185 
-0.0791391 -0.580413 
-0.121682 -0.580362 
-0.320361 -0.503758 
-0.0564661 -0.572808 
-0.425682 -0.391898 
-0.425682 -0.391897 
-0.358592 -0.47659 
-0.42093 -0.402222 
-0.425692 -0.391874 
-0.0444184 -0.563431 
-0.425446 -0.392431 
-0.0981889 -0.581688 
-0.043406 -0.561851 
-0.0448511 -0.563996 
-0.392112 -0.446034 
-0.425717 -0.391818 
-0.282264 -0.526141 
-0.362652 -0.473308 
-0.159766 -0.574162 
-0.0714924 -0.578785 
-0.407331 -0.426788 
-0.17975 -0.568971 
-0.424521 -0.394517 
-0.246792 -0.543716 
-0.215913 -0.556678 
-0.049708 -0.568543 
-0.11692 -0.580796 
-0.366678 -0.46995 
-0.129397 -0.579504 
-0.425718 -0.391816 
-0.0463173 -0.565632 
-0.370849 -0.466358 
-0.425605 -0.39207 
-0.0452464 -0.564474 
-0.42517 -0.393056 
-0.268903 -0.533118 
-0.401096 -0.435917 
-0.374911 -0.462743 
-0.382531 -0.455638 
-0.0437368 -0.562418 
-0.0435779 -0.562153 
-0.188018 -0.566455 
-0.230884 -0.550653 
-0.258761 -0.538125 
-0.425386 -0.392566 
-0.425691 -0.391876 
-0.425519 -0.392265 
-0.413628 -0.415956 
-0.386062 -0.452194 
-0.417173 -0.409569 
-0.397462 -0.440211 
-0.389276 -0.448966 
-0.425303 -0.392754 
-0.345279 -0.486749 
-0.394535 -0.443454 
-0.0829189 -0.580949 
-0.0434843 -0.561991 
-0.0852776 -0.581197 
-0.0875303 -0.58138 
-0.425696 -0.391866 
-0.195127 -0.564132 
-0.0896835 -0.581512 
-0.352077 -0.481645 
-0.0474351 -0.566689 
-0.0960379 -0.581688 
-0.0918425 -0.581605 
-0.0939155 -0.581661 
-0.425683 -0.391895 
-0.138359 -0.578254 
-0.113827 -0.581034 
-0.0434336 -0.5619 
-0.0747728 -0.579587 
-0.425691 -0.391876 
-0.425701 -0.391855 
-0.425712 -0.39183 
-0.425345 -0.39266 
-0.110922 -0.581228 
-0.0440133 -0.562851 
-0.108077 -0.581389 
-0.378778 -0.459191 
-0.423107 -0.397635 
-0.410334 -0.421635 
-0.404393 -0.431484 
-0.175826 -0.570095 
-0.336247 -0.493171 
-0.0661376 -0.577108 
-0.300459 -0.515931 
-0.183725 -0.567786 
-0.146331 -0.576913 
-0.105417 -0.581512 
-0.153006 -0.575621 
-0.4257 -0.391856 
-0.0466756 -0.565985 
-0.102902 -0.581601 
-0.168359 -0.572079 
-0.100477 -0.581659 
-0.204802 -0.560795 
0.000166138 6.41164e-05 
6.41164e-05 0.000218758 
0.000114777 -2.41463e-05 
-2.41463e-05 0.000156739 
0.000114487 -2.344e-05 
-2.344e-05 0.00015511 
0.000516054 5.73005e-05 
5.73005e-05 0.000118128 
0.000669598 -5.54847e-05 
-5.54847e-05 0.00010756 
0.000547431 -0.000286666 
-0.000286666 0.000284652 
0.000349933 0.000122941 
0.000122941 0.000204326 
0.000114653 -2.38439e-05 
-2.38439e-05 0.000156041 
0.00011465 -2.38363e-05 
-2.38363e-05 0.000156024 
0.000451314 -0.000279052 
-0.000279052 0.000323423 
0.000159807 -0.000119343 
-0.000119343 0.000354463 
0.000114571 -2.36433e-05 
-2.36433e-05 0.000155579 
0.000142897 4.89148e-05 
4.89148e-05 0.000212585 
0.000116572 -2.84834e-05 
-2.84834e-05 0.000166701 
0.000571309 -5.31032e-08 
-5.31032e-08 0.000103121 
0.000127228 3.6396e-05 
3.6396e-05 0.000204838 
0.000150039 5.39281e-05 
5.39281e-05 0.000214956 
0.00032968 -0.000243515 
-0.000243515 0.000364515 
0.000114373 -2.31626e-05 
-2.31626e-05 0.00015447 
0.000589213 -0.000262473 
-0.000262473 0.000241545 
0.000444589 -0.000281477 
-0.000281477 0.000331925 
0.000639585 -0.000122412 
-0.000122412 0.000129282 
0.000494021 8.92299e-05 
8.92299e-05 0.000139027 
0.000236788 -0.000203296 
-0.000203296 0.000420104 
0.000635697 -0.000155397 
-0.000155397 0.000146344 
0.000124832 -4.77396e-05 
-4.77396e-05 0.000209914 
0.000605302 -0.000229291 
-0.000229291 0.000204682 
0.000622026 -0.000200413 
-0.000200413 0.000177671 
0.000236863 9.72029e-05 
9.72029e-05 0.000222355 
0.000659728 -4.48102e-05 
-4.48102e-05 0.000105853 
0.000439698 -0.000285684 
-0.000285684 0.000342567 
0.000670769 -7.10757e-05 
-7.10757e-05 0.000110819 
0.000114366 -2.31444e-05 
-2.31444e-05 0.000154428 
0.000175459 6.94474e-05 
6.94474e-05 0.000220251 
0.000434886 -0.000290668 
-0.000290668 0.000355003 
0.000115261 -2.53229e-05 
-2.53229e-05 0.000159448 
0.000156734 5.83333e-05 
5.83333e-05 0.000216759 
0.000118934 -3.41045e-05 
-3.41045e-05 0.000179496 
0.000588149 -0.000246208 
-0.000246208 0.000224836 
0.000245329 -0.000179865 
-0.000179865 0.000332073 
0.000428049 -0.00029403 
-0.00029403 0.000366733 
0.000401293 -0.000288286 
-0.000288286 0.000380191 
0.000132157 4.06104e-05 
4.06104e-05 0.000207785 
0.000129763 3.8601e-05 
3.8601e-05 0.00020643 
0.000643277 -0.000170493 
-0.000170493 0.000154658 
0.00062031 -0.000217531 
-0.000217531 0.000191618 
0.000590878 -0.000236043 
-0.000236043 0.000214131 
0.000117072 -2.96823e-05 
-2.96823e-05 0.000169442 
0.000114575 -2.36547e-05 
-2.36547e-05 0.000155605 
0.000115964 -2.70221e-05 
-2.70221e-05 0.000163353 
0.000224073 -0.00021417 
-0.00021417 0.000489889 
0.000379917 -0.000277105 
-0.000277105 0.000379335 
0.000194839 -0.000177104 
-0.000177104 0.000448329 
0.000277694 -0.000204135 
-0.000204135 0.000342348 
0.000355133 -0.000261409 
-0.000261409 0.000373526 
0.000117778 -3.13668e-05 
-3.13668e-05 0.000173282 
0.000477597 -0.000276012 
-0.000276012 0.000303057 
0.000306099 -0.000225874 
-0.000225874 0.000354475 
0.000519124 4.27337e-05 
4.27337e-05 0.000111786 
0.000128376 3.7405e-05 
3.7405e-05 0.000205581 
0.000522381 3.47235e-05 
3.47235e-05 0.000109029 
0.000526808 2.77233e-05 
2.77233e-05 0.000107048 
0.00011454 -2.3568e-05 
-2.3568e-05 0.000155405 
0.000654103 -0.00018443 
-0.00018443 0.000162458 
0.000532678 2.15454e-05 
2.15454e-05 0.000105638 
0.000473598 -0.000284575 
-0.000284575 0.000318348 
0.000195575 7.98225e-05 
7.98225e-05 0.000222222 
0.00055965 5.17943e-06 
5.17943e-06 0.000103413 
0.000540304 1.5744e-05 
1.5744e-05 0.000104604 
0.000549191 1.04389e-05 
1.04389e-05 0.000103899 
0.000114641 -2.3816e-05 
-2.3816e-05 0.000155977 
0.000662563 -8.73157e-05 
-8.73157e-05 0.000115341 
0.000651109 -3.76825e-05 
-3.76825e-05 0.000104932 
0.000127631 3.67522e-05 
3.67522e-05 0.000205103 
0.00050603 7.5264e-05 
7.5264e-05 0.000128534 
0.000114577 -2.3659e-05 
-2.3659e-05 0.000155615 
0.000114502 -2.34753e-05 
-2.34753e-05 0.000155191 
0.000114414 -2.32625e-05 
-2.32625e-05 0.0001547 
0.000117422 -3.05185e-05 
-3.05185e-05 0.00017135 
0.000640073 -3.0795e-05 
-3.0795e-05 0.0001042 
0.000136428 4.40399e-05 
4.40399e-05 0.000209913 
0.000626852 -2.39467e-05 
-2.39467e-05 0.00010363 
0.000417375 -0.000293749 
-0.000293749 0.000375618 
0.000138486 -7.74335e-05 
-7.74335e-05 0.000273028 
0.000240335 -0.000224777 
-0.000224777 0.000480994 
0.0002304 -0.000176972 
-0.000176972 0.00035305 
0.000632617 -0.000148192 
-0.000148192 0.000142545 
0.000506257 -0.00028236 
-0.00028236 0.000297424 
0.000461085 0.000109937 
0.000109937 0.000160718 
0.000581208 -0.000280679 
-0.000280679 0.000264545 
0.000639466 -0.00016276 
-0.00016276 0.00015032 
0.000652078 -0.000100557 
-0.000100557 0.000119976 
0.000612802 -1.75113e-05 
-1.75113e-05 0.000103248 
0.000645618 -0.000111566 
-0.000111566 0.000124396 
0.000114506 -2.34861e-05 
-2.34861e-05 0.000155216 
0.000181862 7.2907e-05 
7.2907e-05 0.000221047 
0.000598537 -1.14294e-05 
-1.14294e-05 0.000103038 
0.000641004 -0.000137821 
-0.000137821 0.000136557 
0.000584415 -5.57653e-06 
-5.57653e-06 0.000102995 
0.000640254 -0.000193078 
-0.000193078 0.000169886 
